39
42
62
69
75
85
91
93
96
97
104
108
121
122
125
127
129
131
132
134
137
140
142
143
146
160
167
168
172
178
181
182
184
186
187
191
195
196
198
201
202
203
206
210
217
218
220
223
229
234
237
238
241
243
250
252
253
254
256
257
259
261
262
266
268
269
271
277
278
279
281
282
286
288
289
291
292
294
295
298
299
300
303
304
305
306
308
309
312
314
315
317
318
319
325
326
327
328
330
331
332
333
334
337
339
340
341
342
343
344
346
349
351
353
354
355
359
361
365
367
368
369
371
372
374
375
376
377
378
