61
184
219
230
338
422
440
448
499
544
566
617
637
679
731
735
744
755
765
829
885
899
957
983
986
1022
1053
1056
1143
1147
1156
1160
1178
1242
1249
1283
1301
1342
1368
1369
1370
1376
1444
1447
1473
1479
1545
1548
1567
1588
1633
1664
1669
1716
1725
1730
1746
1752
1771
1807
1840
1847
1857
1920
1980
2019
2059
2099
2109
2244
2258
2382
2392
2533
2545
2610
2643
2649
2688
2762
2768
2780
2792
2872
2929
2930
2949
3037
3052
3106
3157
3163
3229
3265
3274
3278
3299
3329
3354
3355
3382
3389
3417
3418
3423
3435
3498
3546
3552
3642
3655
3661
3690
3717
3723
3739
3784
3795
3823
3827
3847
3869
3870
3873
3874
3942
4021
4027
4029
4030
4145
4150
4167
4234
4246
4254
4258
4259
4287
4321
4327
4365
4389
4396
4412
4422
4450
4460
4461
4489
4592
4594
4717
4725
4759
4814
4840
4844
4862
4906
4918
4961
5000
5017
5048
5071
5112
5153
5235
5260
5293
5332
5379
5387
5467
5474
5505
5546
5641
5645
5696
5718
5722
5767
5771
5777
5786
5804
5843
5876
5882
5883
5942
5952
5961
5971
5988
6006
6007
6091
6112
6138
6149
6179
6193
6223
6235
6239
6268
6274
6304
6309
6325
6327
6335
6344
6362
6363
6368
6444
6558
6563
6582
6635
6638
6659
6670
6684
6702
6705
6869
7021
7075
7085
7089
7106
7163
7174
7194
7227
7419
7420
7424
7581
7602
7661
7673
7684
7687
7781
7808
7831
7850
7928
7950
7965
8005
8006
8015
8016
8019
8046
8055
8118
8169
8186
8213
8260
8267
8336
8355
8363
8404
8462
8469
8498
8502
8532
8555
8558
8559
8563
8569
8572
8578
8589
8595
8624
8640
8648
8649
8658
8676
8683
8691
8713
8743
8752
8780
8793
8809
8812
8882
8907
8929
8940
8948
8949
8953
8957
8983
8991
9001
9010
9012
9021
9022
9027
9028
9049
9065
9073
9077
9093
9100
9166
9185
9202
9222
9227
9230
9257
9266
9478
9479
9557
9583
9597
9598
9603
9604
9608
9658
9662
9677
9680
9689
9690
9694
9696
9697
9700
9721
9730
9738
9739
9740
9741
9743
9752
9753
