25
78
122
271
328
470
494
501
624
695
711
747
834
891
1043
1099
1158
1223
1228
1309
1373
1425
1530
1531
1532
1533
1577
1603
1637
1670
1694
1709
1710
1717
1718
1817
1902
1903
1975
2077
2162
2184
2310
2311
2312
2315
2316
2373
2391
2483
2484
2485
2486
2525
2595
2726
2727
2734
2735
2775
2839
2918
2932
2934
2935
2936
2937
2960
2968
2969
2993
2994
3007
3021
3027
3034
3088
3089
3110
3125
3153
3206
3209
3248
3249
3250
3251
3312
3344
3384
3385
3386
3389
3390
3422
3423
3430
3431
3483
3559
3592
3593
3660
3720
3722
3743
3789
3799
3800
3801
3802
3810
3816
3874
3875
3876
3889
3897
3899
3900
3903
3904
3935
3949
3995
3996
3997
3998
4014
4024
4056
4063
4073
4099
4100
4107
4108
4121
4123
4134
4175
4176
4180
4181
4182
4183
4196
4197
4220
4221
4223
4224
4338
4340
4341
4344
4345
4391
4404
4416
4422
4449
4452
4453
4456
4457
4461
4482
4483
4484
4485
4499
4500
4502
4503
4537
4538
4580
4581
4622
4623
4765
4813
4814
4842
4853
4863
