78
79
120
177
225
279
280
286
386
387
418
487
488
528
531
534
583
584
608
613
648
694
740
757
794
825
846
861
885
889
890
928
945
965
1005
1021
1024
1029
1055
1070
1103
1139
1141
1144
1169
1213
1228
1232
1260
1282
1285
1319
1353
1358
1383
1396
1404
1405
1417
1429
1488
1510
1539
1543
1544
1562
1628
1631
1658
1662
1667
1668
1682
1716
1718
1741
1766
1770
1771
1795
1806
1814
1816
1833
1858
1878
1893
1895
1910
1921
1931
1947
1960
1962
1983
1990
2004
2043
2048
2106
2117
2122
2178
2179
2230
2231
2257
2284
2285
2320
2321
2333
2403
2441
2500
2519
2554
2578
2579
2595
2610
2649
2701
2738
2739
2755
2759
2760
2894
2895
2902
2903
2933
2983
3049
3050
3055
3056
3097
3100
3150
3165
3213
3214
3221
3249
3315
3320
3348
3384
3468
3469
3473
3493
3500
3540
3558
3615
3616
3622
3732
3754
3771
3773
3814
3822
3823
3854
3878
3934
3953
3957
3962
3963
4027
4048
4053
4057
4058
4101
4119
4152
4167
4189
4190
4196
4245
4288
4306
4318
4320
4338
4347
4387
4396
4422
4446
4448
4462
4475
4531
4546
4548
4556
4585
4609
4618
4641
4668
4708
4713
4746
4752
4779
4792
4818
4829
4830
4836
4843
4851
4852
4865
4874
4881
4945
4973
4984
4987
4995
5035
5041
5046
5050
5051
5071
5134
5151
5196
5199
5228
5233
5238
5239
5256
5287
5343
5362
5364
5388
5417
5421
5422
5473
5474
5518
5524
5537
5539
5557
5584
5585
5616
5624
5625
5637
5649
5658
5668
5673
5683
5685
5702
5713
5718
5719
5758
5765
5775
5790
5795
5804
5806
5844
5847
5862
5868
5874
5888
5893
5906
5923
5925
5966
5972
5977
5992
5994
6011
6069
6075
6086
6093
6094
6098
6146
6164
6165
6168
6182
6200
6201
6218
6219
6229
6230
6234
6249
6303
6370
6401
6418
6444
6465
6481
6500
6523
6537
6541
6542
6604
6605
6659
6660
6700
6723
6731
6732
6762
6778
6817
6818
6842
6872
6921
6922
6940
6941
6977
7022
7023
7057
7089
7159
7167
7168
7182
7188
7193
7194
7251
7304
7334
7349
7353
7367
7385
7411
7424
7426
7438
7440
7453
7495
7508
7528
7537
7558
7567
7587
7588
7590
7610
7618
7626
7640
7649
7674
7693
7732
7792
7843
7877
7882
7883
7911
7918
7926
7927
7940
7955
7960
7961
7978
8028
8044
8047
8068
8075
8086
8088
8106
8108
8124
8129
8143
8150
8154
8160
8161
8162
8164
8165
8168
8174
8182
8190
8227
8232
8277
8278
8281
8282
8310
8312
8333
8334
